1000      292.376   9.42009   0   0
25        292.376   9.42009   0   0
74.9688   292.217   9.2819    0   0
125.187   292.135   9.21093   0   0
175.938   292.1     9.17502   0   0
227.197   292.088   9.15673   0   0
278.969   292.085   9.14604   0   0
331.261   292.088   9.13813   0   0
384.074   292.094   9.12987   0   0
437.411   292.104   9.11914   0   0
491.285   292.119   9.10351   0   0
545.701   292.141   9.07867   0   0
600.656   292.178   9.03788   0   0
656.159   292.248   8.96696   0   0
712.222   292.38    8.83892   0   0
768.846   292.642   8.61327   0   0
826.033   293.109   8.28125   0   0
883.79    293.686   7.9859    0   0
942.132   294.189   7.83595   0   0
1001.06   294.593   7.76637   0   0
1060.56   294.962   7.70826   0   0
1120.68   295.329   7.64618   0   0
1181.38   295.703   7.58226   0   0
1242.69   296.078   7.51802   0   0
1304.62   296.455   7.45336   0   0
1367.17   296.838   7.38823   0   0
1430.33   297.225   7.32282   0   0
1494.14   297.616   7.25732   0   0
1558.58   298.014   7.19141   0   0
1623.67   298.413   7.12494   0   0
1689.39   298.818   7.05762   0   0
1755.81   299.225   6.98956   0   0
1822.86   299.639   6.92097   0   0
1890.58   300.053   6.85182   0   0
1959      300.474   6.78199   0   0
2028.07   300.897   6.71143   0   0
2097.87   301.327   6.64057   0   0
2168.33   301.757   6.56916   0   0
2239.51   302.194   6.49684   0   0
2311.42   302.639   6.42365   0   0
2384.04   303.1     6.35011   0   0
2457.37   303.568   6.27612   0   0
2531.45   304.031   6.20164   0   0
2606.25   304.494   6.12647   0   0
2681.83   304.962   6.05096   0   0
2758.13   305.432   5.97461   0   0
2835.24   305.908   5.89748   0   0
2913.08   306.392   5.82013   0   0
2991.72   306.877   5.74196   0   0
3071.12   307.369   5.66309   0   0
6000.     325.329   1         0   0
