# AFGL atmospheric constituent profile. U.S. standard atmosphere 1976. ( AFGL-TR-86-0110)       
#     z(km)      p(mb)        T(K)    air(cm-3)    o3(cm-3)     o2(cm-3)    h2o(cm-3)    co2(cm-3)     no2(cm-3)
 120.000 3.000000e-05 3.600000e+02 5.110260e+11 2.557000e+02 3.707650e+10 1.022800e+05 1.789900e+07 7.722140e+01
 115.000 4.000000e-05 3.000000e+02 9.681328e+11 4.844000e+03 9.106720e+10 2.325120e+05 3.875200e+07 1.501640e+02
 110.000 7.000000e-05 2.400000e+02 2.142688e+12 1.072000e+05 2.572800e+11 6.003200e+05 1.286400e+08 3.408960e+02
 105.000 1.400000e-04 2.088000e+02 5.029784e+12 1.006600e+06 7.046200e+11 1.711220e+06 5.536300e+08 8.254120e+02
 100.000 3.200000e-04 1.951000e+02 1.187967e+13 4.756001e+06 1.902400e+12 4.756001e+06 2.318550e+09 2.021300e+03
  95.000 7.600000e-04 1.884000e+02 2.921760e+13 2.046800e+07 5.263200e+12 1.578960e+07 7.894800e+09 5.146240e+03
  90.000 1.840000e-03 1.869000e+02 7.130506e+13 4.995200e+07 1.355840e+13 6.065600e+07 2.212160e+10 1.305888e+04
  85.000 4.460000e-03 1.889000e+02 1.710073e+14 8.555000e+07 3.422000e+13 2.275630e+08 5.475200e+10 3.285120e+04
  80.000 1.050000e-02 1.986000e+02 3.829322e+14 1.149600e+08 8.008879e+13 7.855600e+08 1.256896e+11 7.740640e+04
  75.000 2.400000e-02 2.084000e+02 8.341139e+14 2.086750e+08 1.744523e+14 2.358028e+09 2.754510e+11 1.794605e+05
  70.000 5.220000e-02 2.196000e+02 1.721670e+15 5.169000e+08 3.601070e+14 6.030500e+09 5.685899e+11 3.980130e+05
  65.000 1.090000e-01 2.333000e+02 3.383947e+15 2.370200e+09 7.076740e+14 1.422120e+10 1.117380e+12 8.566580e+05
  60.000 2.190000e-01 2.470000e+02 6.421832e+15 7.068600e+09 1.343034e+15 3.052350e+10 2.120580e+12 1.831410e+06
  55.000 4.250000e-01 2.608000e+02 1.180302e+16 2.125800e+10 2.468290e+15 6.023100e+10 3.897300e+12 4.003590e+06
  50.000 7.978000e-01 2.707000e+02 2.134605e+16 6.621600e+10 4.464240e+15 1.116060e+11 7.048799e+12 9.462480e+06
  47.500 1.090000e+00 2.706000e+02 2.917498e+16 1.197200e+11 6.102800e+15 1.533000e+11 9.636000e+12 1.944720e+07
  45.000 1.491000e+00 2.642000e+02 4.087489e+16 2.147250e+11 8.548099e+15 2.137025e+11 1.349700e+13 4.703500e+07
  42.500 2.060000e+00 2.573000e+02 5.798815e+16 3.597860e+11 1.212827e+16 2.988545e+11 1.914990e+13 1.259251e+08
  40.000 2.871000e+00 2.504000e+02 8.304447e+16 6.066300e+11 1.736790e+16 4.175775e+11 2.742300e+13 3.348930e+08
  37.500 4.041160e+00 2.434350e+02 1.202393e+17 9.656401e+11 2.587420e+16 6.128100e+11 4.085400e+13 7.749880e+08
  35.000 5.746000e+00 2.365000e+02 1.759731e+17 1.380096e+12 3.680490e+16 8.628900e+11 5.811300e+13 1.282008e+09
  32.500 8.257250e+00 2.295880e+02 2.605019e+17 1.860945e+12 5.275160e+16 1.217830e+12 8.329200e+13 1.819804e+09
  30.000 1.197000e+01 2.265000e+02 3.827699e+17 2.509799e+12 8.004700e+16 1.809675e+12 1.263900e+14 2.359280e+09
  27.500 1.743000e+01 2.240000e+02 5.635873e+17 3.272892e+12 1.178760e+17 2.580300e+12 1.861200e+14 2.712840e+09
  25.000 2.549000e+01 2.216000e+02 8.331283e+17 4.266877e+12 1.742433e+17 3.689123e+12 2.751210e+14 3.118038e+09
  24.000 2.972000e+01 2.206000e+02 9.757872e+17 4.518265e+12 2.040885e+17 4.198950e+12 3.222450e+14 2.988090e+09
  23.000 3.467000e+01 2.196000e+02 1.143492e+18 4.768192e+12 2.390960e+17 4.804800e+12 3.775200e+14 2.951520e+09
  22.000 4.047000e+01 2.186000e+02 1.340895e+18 4.894274e+12 2.804780e+17 5.455230e+12 4.428600e+14 2.898720e+09
  21.000 4.729000e+01 2.176000e+02 1.574064e+18 4.769100e+12 3.291750e+17 6.260625e+12 5.197500e+14 2.772000e+09
  20.000 5.529000e+01 2.167000e+02 1.847990e+18 4.768571e+12 3.864410e+17 7.211100e+12 6.101700e+14 2.570110e+09
  19.000 6.467000e+01 2.167000e+02 2.161503e+18 4.390890e+12 4.520670e+17 8.327550e+12 7.137900e+14 2.292780e+09
  18.000 7.565000e+01 2.167000e+02 2.528494e+18 4.015110e+12 5.287700e+17 9.677249e+12 8.349000e+14 1.950630e+09
  17.000 8.850000e+01 2.167000e+02 2.957987e+18 3.513520e+12 6.186399e+17 1.139600e+13 9.768000e+14 1.536240e+09
  16.000 1.035000e+02 2.167000e+02 3.459340e+18 3.012286e+12 7.235580e+17 1.367490e+13 1.142460e+15 1.104378e+09
  15.000 1.211000e+02 2.167000e+02 4.047595e+18 2.634525e+12 8.464500e+17 2.025000e+13 1.336500e+15 6.925500e+08
  14.000 1.417000e+02 2.167000e+02 4.736121e+18 2.383717e+12 9.904510e+17 2.808805e+13 1.563870e+15 3.544772e+08
  13.000 1.658000e+02 2.167000e+02 5.541629e+18 2.132992e+12 1.159114e+18 6.017410e+13 1.830180e+15 2.467970e+08
  12.000 1.940000e+02 2.167000e+02 6.484174e+18 2.008345e+12 1.356201e+18 1.236803e+14 2.141370e+15 2.044035e+08
  11.000 2.270000e+02 2.168000e+02 7.583652e+18 1.630876e+12 1.586101e+18 2.741906e+14 2.504370e+15 1.988318e+08
  10.000 2.650000e+02 2.233000e+02 8.595457e+18 1.129443e+12 1.797818e+18 6.017959e+14 2.838660e+15 2.047276e+08
   9.000 3.080000e+02 2.297000e+02 9.711841e+18 8.910379e+11 2.031271e+18 1.538518e+15 3.207270e+15 2.254808e+08
   8.000 3.565000e+02 2.362000e+02 1.093179e+19 6.526804e+11 2.286460e+18 4.011698e+15 3.610200e+15 2.516200e+08
   7.000 4.111000e+02 2.427000e+02 1.226845e+19 6.151052e+11 2.566520e+18 7.024160e+15 4.052400e+15 2.824400e+08
   6.900 4.172100e+02 2.433500e+02 1.241403e+19 6.100524e+11 2.596825e+18 7.592318e+15 4.100250e+15 2.857750e+08
   6.800 4.233200e+02 2.440000e+02 1.255962e+19 6.049997e+11 2.627130e+18 8.160476e+15 4.148100e+15 2.891100e+08
   6.700 4.294300e+02 2.446500e+02 1.270520e+19 5.999469e+11 2.657435e+18 8.728634e+15 4.195950e+15 2.924450e+08
   6.600 4.355400e+02 2.453000e+02 1.285079e+19 5.948942e+11 2.687740e+18 9.296792e+15 4.243800e+15 2.957800e+08
   6.500 4.416500e+02 2.459500e+02 1.299637e+19 5.898414e+11 2.718045e+18 9.864950e+15 4.291650e+15 2.991150e+08
   6.400 4.477600e+02 2.466000e+02 1.314195e+19 5.847886e+11 2.748350e+18 1.043311e+16 4.339500e+15 3.024500e+08
   6.300 4.538700e+02 2.472500e+02 1.328754e+19 5.797359e+11 2.778655e+18 1.100127e+16 4.387350e+15 3.057850e+08
   6.200 4.599800e+02 2.479000e+02 1.343312e+19 5.746831e+11 2.808960e+18 1.156942e+16 4.435200e+15 3.091200e+08
   6.100 4.660900e+02 2.485500e+02 1.357871e+19 5.696304e+11 2.839265e+18 1.213758e+16 4.483050e+15 3.124550e+08
   6.000 4.722000e+02 2.492000e+02 1.372429e+19 5.645776e+11 2.869570e+18 1.270574e+16 4.530900e+15 3.157900e+08
   5.900 4.790300e+02 2.498500e+02 1.388287e+19 5.658456e+11 2.902801e+18 1.357537e+16 4.583370e+15 3.194470e+08
   5.800 4.858600e+02 2.505000e+02 1.404144e+19 5.671136e+11 2.936032e+18 1.444500e+16 4.635840e+15 3.231040e+08
   5.700 4.926900e+02 2.511500e+02 1.420002e+19 5.683816e+11 2.969263e+18 1.531463e+16 4.688310e+15 3.267610e+08
   5.600 4.995200e+02 2.518000e+02 1.435860e+19 5.696496e+11 3.002494e+18 1.618426e+16 4.740780e+15 3.304180e+08
   5.500 5.063500e+02 2.524500e+02 1.451718e+19 5.709176e+11 3.035725e+18 1.705389e+16 4.793250e+15 3.340750e+08
   5.400 5.131800e+02 2.531000e+02 1.467575e+19 5.721856e+11 3.068956e+18 1.792352e+16 4.845720e+15 3.377320e+08
   5.300 5.200100e+02 2.537500e+02 1.483433e+19 5.734536e+11 3.102187e+18 1.879315e+16 4.898190e+15 3.413890e+08
   5.200 5.268400e+02 2.544000e+02 1.499291e+19 5.747216e+11 3.135418e+18 1.966278e+16 4.950660e+15 3.450460e+08
   5.100 5.336700e+02 2.550500e+02 1.515148e+19 5.759896e+11 3.168649e+18 2.053241e+16 5.003130e+15 3.487030e+08
   5.000 5.405000e+02 2.557000e+02 1.531006e+19 5.772576e+11 3.201880e+18 2.140204e+16 5.055600e+15 3.523600e+08
   4.900 5.481100e+02 2.563500e+02 1.548232e+19 5.772463e+11 3.237828e+18 2.293907e+16 5.112360e+15 3.563160e+08
   4.800 5.557200e+02 2.570000e+02 1.565458e+19 5.772350e+11 3.273776e+18 2.447610e+16 5.169120e+15 3.602720e+08
   4.700 5.633300e+02 2.576500e+02 1.582684e+19 5.772238e+11 3.309724e+18 2.601312e+16 5.225880e+15 3.642280e+08
   4.600 5.709400e+02 2.583000e+02 1.599910e+19 5.772125e+11 3.345672e+18 2.755015e+16 5.282640e+15 3.681840e+08
   4.500 5.785500e+02 2.589500e+02 1.617136e+19 5.772012e+11 3.381620e+18 2.908718e+16 5.339400e+15 3.721400e+08
   4.400 5.861600e+02 2.596000e+02 1.634363e+19 5.771899e+11 3.417568e+18 3.062421e+16 5.396160e+15 3.760960e+08
   4.300 5.937700e+02 2.602500e+02 1.651589e+19 5.771786e+11 3.453516e+18 3.216124e+16 5.452920e+15 3.800520e+08
   4.200 6.013800e+02 2.609000e+02 1.668815e+19 5.771674e+11 3.489464e+18 3.369826e+16 5.509680e+15 3.840080e+08
   4.100 6.089900e+02 2.615500e+02 1.686041e+19 5.771561e+11 3.525412e+18 3.523529e+16 5.566440e+15 3.879640e+08
   4.000 6.166000e+02 2.622000e+02 1.703267e+19 5.771448e+11 3.561360e+18 3.677232e+16 5.623200e+15 3.919200e+08
   3.900 6.250600e+02 2.628500e+02 1.721951e+19 5.821737e+11 3.600443e+18 3.911225e+16 5.684910e+15 3.962210e+08
   3.800 6.335200e+02 2.635000e+02 1.740635e+19 5.872026e+11 3.639526e+18 4.145218e+16 5.746620e+15 4.005220e+08
   3.700 6.419800e+02 2.641500e+02 1.759318e+19 5.922315e+11 3.678609e+18 4.379211e+16 5.808330e+15 4.048230e+08
   3.600 6.504400e+02 2.648000e+02 1.778002e+19 5.972604e+11 3.717692e+18 4.613204e+16 5.870040e+15 4.091240e+08
   3.500 6.589000e+02 2.654500e+02 1.796686e+19 6.022892e+11 3.756775e+18 4.847197e+16 5.931750e+15 4.134250e+08
   3.400 6.673600e+02 2.661000e+02 1.815370e+19 6.073181e+11 3.795858e+18 5.081190e+16 5.993460e+15 4.177260e+08
   3.300 6.758200e+02 2.667500e+02 1.834054e+19 6.123470e+11 3.834941e+18 5.315183e+16 6.055170e+15 4.220270e+08
   3.200 6.842800e+02 2.674000e+02 1.852737e+19 6.173759e+11 3.874024e+18 5.549176e+16 6.116880e+15 4.263280e+08
   3.100 6.927400e+02 2.680500e+02 1.871421e+19 6.224048e+11 3.913107e+18 5.783169e+16 6.178590e+15 4.306290e+08
   3.000 7.012000e+02 2.687000e+02 1.890105e+19 6.274337e+11 3.952190e+18 6.017162e+16 6.240300e+15 4.349300e+08
   2.900 7.105800e+02 2.693500e+02 1.910328e+19 6.324731e+11 3.994617e+18 6.385177e+16 6.307290e+15 4.395990e+08
   2.800 7.199600e+02 2.700000e+02 1.930550e+19 6.375125e+11 4.037044e+18 6.753193e+16 6.374280e+15 4.442680e+08
   2.700 7.293400e+02 2.706500e+02 1.950773e+19 6.425520e+11 4.079471e+18 7.121208e+16 6.441270e+15 4.489370e+08
   2.600 7.387200e+02 2.713000e+02 1.970995e+19 6.475914e+11 4.121898e+18 7.489223e+16 6.508260e+15 4.536060e+08
   2.500 7.481000e+02 2.719500e+02 1.991218e+19 6.526308e+11 4.164325e+18 7.857238e+16 6.575250e+15 4.582750e+08
   2.400 7.574800e+02 2.726000e+02 2.011441e+19 6.576702e+11 4.206752e+18 8.225254e+16 6.642240e+15 4.629441e+08
   2.300 7.668600e+02 2.732500e+02 2.031663e+19 6.627096e+11 4.249179e+18 8.593269e+16 6.709230e+15 4.676131e+08
   2.200 7.762400e+02 2.739000e+02 2.051886e+19 6.677491e+11 4.291606e+18 8.961284e+16 6.776220e+15 4.722821e+08
   2.100 7.856200e+02 2.745500e+02 2.072108e+19 6.727885e+11 4.334033e+18 9.329300e+16 6.843210e+15 4.769511e+08
   2.000 7.950000e+02 2.752000e+02 2.092331e+19 6.778279e+11 4.376460e+18 9.697315e+16 6.910200e+15 4.816201e+08
   1.900 8.053800e+02 2.758500e+02 2.114192e+19 6.778391e+11 4.422231e+18 1.013181e+17 6.982470e+15 4.866571e+08
   1.800 8.157600e+02 2.765000e+02 2.136052e+19 6.778504e+11 4.468002e+18 1.056630e+17 7.054740e+15 4.916941e+08
   1.700 8.261400e+02 2.771500e+02 2.157912e+19 6.778616e+11 4.513773e+18 1.100079e+17 7.127010e+15 4.967311e+08
   1.600 8.365200e+02 2.778000e+02 2.179773e+19 6.778728e+11 4.559544e+18 1.143528e+17 7.199280e+15 5.017681e+08
   1.500 8.469000e+02 2.784500e+02 2.201634e+19 6.778840e+11 4.605315e+18 1.186977e+17 7.271550e+15 5.068050e+08
   1.400 8.572800e+02 2.791000e+02 2.223494e+19 6.778953e+11 4.651086e+18 1.230426e+17 7.343820e+15 5.118420e+08
   1.300 8.676600e+02 2.797500e+02 2.245354e+19 6.779065e+11 4.696857e+18 1.273875e+17 7.416090e+15 5.168790e+08
   1.200 8.780400e+02 2.804000e+02 2.267215e+19 6.779177e+11 4.742628e+18 1.317324e+17 7.488360e+15 5.219160e+08
   1.100 8.884200e+02 2.810500e+02 2.289076e+19 6.779290e+11 4.788399e+18 1.360773e+17 7.560630e+15 5.269530e+08
   1.000 8.988000e+02 2.817000e+02 2.310936e+19 6.779402e+11 4.834170e+18 1.404222e+17 7.632900e+15 5.319900e+08
   0.900 9.102200e+02 2.823500e+02 2.334424e+19 6.779230e+11 4.883285e+18 1.461142e+17 7.710450e+15 5.373950e+08
   0.800 9.216400e+02 2.830000e+02 2.357912e+19 6.779058e+11 4.932400e+18 1.518063e+17 7.788000e+15 5.428000e+08
   0.700 9.330600e+02 2.836500e+02 2.381401e+19 6.778885e+11 4.981515e+18 1.574983e+17 7.865550e+15 5.482050e+08
   0.600 9.444800e+02 2.843000e+02 2.404889e+19 6.778713e+11 5.030630e+18 1.631904e+17 7.943100e+15 5.536100e+08
   0.500 9.559000e+02 2.849500e+02 2.428377e+19 6.778541e+11 5.079745e+18 1.688824e+17 8.020650e+15 5.590150e+08
   0.400 9.673200e+02 2.856000e+02 2.451865e+19 6.778369e+11 5.128860e+18 1.745744e+17 8.098200e+15 5.644200e+08
   0.300 9.787400e+02 2.862500e+02 2.475353e+19 6.778197e+11 5.177975e+18 1.802665e+17 8.175750e+15 5.698250e+08
   0.200 9.901600e+02 2.869000e+02 2.498842e+19 6.778024e+11 5.227090e+18 1.859585e+17 8.253300e+15 5.752300e+08
   0.100 1.001580e+03 2.875500e+02 2.522330e+19 6.777852e+11 5.276205e+18 1.916506e+17 8.330850e+15 5.806350e+08
   0.000 1.013000e+03 2.882000e+02 2.545818e+19 6.777680e+11 5.325320e+18 1.973426e+17 8.408400e+15 5.860400e+08
